77864                                            hi
73468                                            
43261                                            
43071                                            
43066                                            dyosi
31841                                            
30471                                            
29671                                            
28862                                            
25855                                            
